1
03/02/2023
5
11
39
35
7
25
2
03/02/2023
17
25
13
43
29
23
3
03/02/2023
31
21
43
9
39
25
4
03/02/2023
37
27
33
15
13
39
5
03/02/2023
19
21
7
9
43
31
6
03/02/2023
31
5
29
19
9
39
7
03/02/2023
39
1
5
25
11
41
8
05/02/2023
41
7
35
3
17
11
9
05/02/2023
37
21
25
35
9
19
10
05/02/2023
37
21
11
31
7
9
11
05/02/2023
29
9
19
21
15
11
12
13/09/2023
3
43
17
5
21
1
13
13/09/2023
7
13
11
37
3
1
14
13/09/2023
5
25
35
21
19
41
15
13/09/2023
33
1
15
27
43
37
16
14/09/2023
11
21
15
17
19
31
17
14/09/2023
41
31
15
23
5
19
18
14/09/2023
29
35
37
3
33
21
19
14/09/2023
41
7
31
35
3
29
20
14/09/2023
39
13
43
17
9
33
21
14/09/2023
43
23
7
5
9
41
